# Configuration file

clipboard {
    I:0 <
        28
        99
        104
        105
        115
        101
        108
        115
        97
        110
        100
        98
        105
        116
        115
        58
        99
        104
        105
        115
        101
        108
        101
        100
        95
        114
        111
        99
        107
        10
        0
        0
        10
        0
        14
        66
        108
        111
        99
        107
        69
        110
        116
        105
        116
        121
        84
        97
        103
        3
        0
        1
        98
        0
        0
        0
        49
        3
        0
        1
        115
        0
        0
        0
        3
        1
        0
        2
        110
        99
        0
        7
        0
        1
        88
        0
        0
        0
        96
        120
        -38
        99
        98
        22
        -56
        -51
        -52
        75
        77
        46
        74
        76
        43
        81
        53
        118
        76
        -52
        44
        -78
        103
        16
        69
        22
        -55
        79
        42
        -50
        76
        -55
        76
        -52
        -77
        103
        80
        73
        -50
        -56
        44
        78
        -51
        1
        -118
        -91
        -25
        36
        22
        23
        -89
        84
        -90
        -90
        20
        -108
        22
        21
        -28
        -92
        -38
        -105
        37
        22
        101
        38
        -106
        100
        -26
        -25
        -39
        26
        50
        28
        96
        58
        -64
        -56
        -75
        106
        -43
        2
        48
        14
        13
        37
        13
        -61
        -12
        13
        -80
        126
        0
        -96
        108
        101
        20
        3
        0
        2
        108
        118
        0
        0
        0
        0
        0
        0
     >
    I:1 <
        28
        99
        104
        105
        115
        101
        108
        115
        97
        110
        100
        98
        105
        116
        115
        58
        99
        104
        105
        115
        101
        108
        101
        100
        95
        114
        111
        99
        107
        10
        0
        0
        10
        0
        14
        66
        108
        111
        99
        107
        69
        110
        116
        105
        116
        121
        84
        97
        103
        3
        0
        1
        98
        0
        0
        0
        49
        3
        0
        1
        115
        0
        0
        0
        4
        1
        0
        2
        110
        99
        0
        7
        0
        1
        88
        0
        0
        0
        95
        120
        -38
        99
        98
        22
        -56
        -51
        -52
        75
        77
        46
        74
        76
        43
        81
        53
        118
        76
        -52
        44
        -78
        103
        16
        69
        22
        -55
        79
        42
        -50
        76
        -55
        76
        -52
        -77
        103
        80
        73
        -50
        -56
        44
        78
        -51
        1
        -118
        -91
        -25
        36
        22
        23
        -89
        84
        -90
        -90
        20
        -108
        22
        21
        -28
        -92
        -38
        -105
        37
        22
        101
        38
        -106
        100
        -26
        -25
        -39
        26
        50
        48
        100
        48
        -84
        90
        -59
        0
        -58
        75
        -93
        -80
        99
        -104
        60
        46
        64
        -92
        126
        0
        -100
        -124
        50
        -43
        3
        0
        2
        108
        118
        0
        0
        0
        0
        0
        0
     >
}


